49,5,52,8,53,5,53,42 ``
55,5,57,8,58,5,58,55 ``
60,5,64,8,65,5,65,49 ``
67,5,69,8,70,5,70,54 ``
72,5,75,8,76,5,76,55 ``
78,5,80,8,81,5,82,42 ``
90,5,90,42,90,5,90,42 `remove this`
87,5,89,8,90,5,90,42 ``
94,5,96,8,97,5,97,51 ``
105,5,107,8,108,5,108,39 ``
113,5,113,55,113,5,113,55 `remove this`
110,5,112,8,113,5,113,55 ``
115,5,117,8,118,5,118,44 ``
120,5,122,8,123,5,123,31 ``
125,5,127,8,128,5,128,32 ``
138,5,139,43,138,5,139,43 `commented out code`
174,9,174,55,174,9,174,55 `commented out code`
175,66,176,16,175,9,175,65 ``
184,5,184,32,185,6,186,33 ``
197,9,197,40,198,9,198,36 ``
238,13,238,75,239,13,239,64 ``
253,9,253,38,254,9,255,68 ``
257,9,257,38,258,9,258,49 ``
302,5,304,8,305,5,308,6 ``
359,5,361,8,362,5,382,6 ``
371,9,371,71,373,9,379,58 ``
