51,4,56,8,57,5,57,25 ``
62,4,63,1,62,4,63,1 ``
63,1,70,8,71,4,72,1 ``
73,5,88,8,89,5,89,84 ``
91,5,103,8,104,4,104,57 ``
106,4,114,8,115,4,116,1 ``
117,4,122,8,123,4,124,1 ``
125,1,138,8,139,4,140,1 ``
141,5,147,8,148,4,149,1 ``
150,1,159,8,150,1,159,8 ``
151,5,159,8,160,5,160,39 ``
162,5,169,8,170,5,171,1 ``
173,4,180,8,181,5,181,31 ``
183,4,188,8,189,5,189,27 ``
191,5,196,8,197,5,197,26 ``
199,4,206,8,207,5,208,1 ``
209,5,214,8,215,4,216,1 ``
217,5,223,8,224,5,224,36 ``
226,4,233,8,234,3,234,31 ``
236,4,238,8,239,4,239,18 ``
244,4,248,8,249,5,249,23 ``
251,4,255,8,256,4,257,1 ``
258,4,262,8,263,5,263,46 ``
265,5,270,8,271,4,272,1 ``
273,5,277,8,278,4,278,31 ``
280,5,285,8,286,5,286,20 ``
288,5,294,8,295,5,296,1 ``
297,5,301,8,302,5,302,34 ``
310,5,311,1,310,5,311,1 ``
312,4,320,8,321,5,322,1 ``
323,5,327,8,328,4,329,1 ``
330,5,334,8,335,5,335,30 ``
337,4,341,8,342,3,343,1 ``
344,5,348,8,349,5,349,51 ``
351,5,355,8,356,4,356,40 ``
358,5,362,8,363,4,364,1 ``
365,5,369,8,370,5,371,1 ``
372,5,378,8,379,3,379,38 ``
381,5,385,8,386,4,387,1 ``
388,4,392,8,393,4,394,1 ``
395,5,399,8,400,4,400,33 ``
401,1,406,8,407,4,408,1 ``
409,4,413,8,414,5,414,30 ``
416,5,420,8,421,5,422,1 ``
423,5,429,8,430,3,431,1 ``
432,5,436,8,437,4,437,35 ``
439,4,446,8,447,4,448,1 ``
448,1,453,8,454,3,454,34 ``
456,4,463,8,464,5,465,1 ``
469,5,469,31,471,5,476,8 ``
471,5,476,8,477,3,478,1 ``
479,5,484,8,485,5,485,25 ``
