6,1,11,4,12,1,186,2 `this comment can be linked to just line 12 or not be linked at all`
16,5,19,8,20,5,22,6 ``
24,5,26,8,27,5,29,6 ``
31,5,46,8,47,5,79,6 ``
49,9,49,47,50,9,62,10 ``
64,9,64,42,65,9,75,74 ``
77,9,77,31,78,9,78,69 ``
81,5,95,8,96,5,128,6 ``
98,9,98,58,99,9,104,10 ``
106,9,106,36,107,9,115,10 ``
117,9,117,59,118,9,123,10 ``
125,9,125,44,126,9,127,21 ``
135,9,141,12,142,9,145,10 ``
147,9,149,12,150,9,152,10 ``
154,9,156,12,157,9,159,10 ``
161,9,168,12,169,9,172,10 ``
170,13,170,41,171,13,171,91 ``
175,5,178,8,179,5,185,6 ``
